position select_coef p1_freq p2_freq origin_gen migr_rate mut_rate recomb_rate fitness_width output_gen rep
140002 0.0571419 0.9845 0.0125 900 0.0001 1e-06 1e-06 5 2500 0
342501 0.0266881 1 0.002 554 0.0001 1e-06 1e-06 5 2500 0
552502 0.0645483 0.995 0.0035 1192 0.0001 1e-06 1e-06 5 2500 0
620002 0.0370541 0.0005 0 2500 0.0001 1e-06 1e-06 5 2500 0
920002 0.0710075 0.9835 0.1005 1350 0.0001 1e-06 1e-06 5 2500 0
1310001 -0.0599526 0.006 1 666 0.0001 1e-06 1e-06 5 2500 0
1362501 -0.0512507 0.0035 0.9835 772 0.0001 1e-06 1e-06 5 2500 0
1467501 -0.0515848 0 0.0025 2497 0.0001 1e-06 1e-06 5 2500 0
1632501 0.0587331 0.993 0.0415 960 0.0001 1e-06 1e-06 5 2500 0
1632502 0.0272361 0.0145 0 2445 0.0001 1e-06 1e-06 5 2500 0
1662501 -0.0890251 0.017 0 2387 0.0001 1e-06 1e-06 5 2500 0
2045002 -0.0877633 0.003 0.9985 498 0.0001 1e-06 1e-06 5 2500 0
2112501 0.0670213 0.0175 0 2279 0.0001 1e-06 1e-06 5 2500 0
2150002 0.0289056 0 0.0005 2500 0.0001 1e-06 1e-06 5 2500 0
2390002 0.0808436 0.386 0 1313 0.0001 1e-06 1e-06 5 2500 0
2720001 -0.0190962 0.004 0 2488 0.0001 1e-06 1e-06 5 2500 0
2990002 0.0473213 1 0.0075 452 0.0001 1e-06 1e-06 5 2500 0
3020001 -0.0488657 0.0305 0 2308 0.0001 1e-06 1e-06 5 2500 0
3132501 -0.0436743 0 0.395 1898 0.0001 1e-06 1e-06 5 2500 0
3710001 0.00312612 0.029 0 2418 0.0001 1e-06 1e-06 5 2500 0
4070001 -0.0603435 0.0005 0 2499 0.0001 1e-06 1e-06 5 2500 0
4070001 -0.0412304 0 0.0005 2496 0.0001 1e-06 1e-06 5 2500 0
4070002 0.0370962 0.806 0 1418 0.0001 1e-06 1e-06 5 2500 0
4310002 -0.0584277 0 0.975 127 0.0001 1e-06 1e-06 5 2500 0
4895002 -0.0943495 0.001 0.5975 1957 0.0001 1e-06 1e-06 5 2500 0
4977502 -0.00617931 0 0.0075 2483 0.0001 1e-06 1e-06 5 2500 0
140002 0.0571419 0.999 0 900 0.0001 1e-06 1e-06 5 5000 0
342501 0.0266881 0.9715 0 554 0.0001 1e-06 1e-06 5 5000 0
552502 0.0645483 0.971 0 1192 0.0001 1e-06 1e-06 5 5000 0
920002 0.0710075 0.9295 0 1350 0.0001 1e-06 1e-06 5 5000 0
1310001 -0.0599526 0.001 0.9935 666 0.0001 1e-06 1e-06 5 5000 0
1310002 -0.0159407 0.0005 0 4999 0.0001 1e-06 1e-06 5 5000 0
1362501 -0.0512507 0.032 0.962 772 0.0001 1e-06 1e-06 5 5000 0
1632501 0.0587331 0.887 0 960 0.0001 1e-06 1e-06 5 5000 0
2030002 0.0192167 0.001 0.745 3387 0.0001 1e-06 1e-06 5 5000 0
2045001 -0.0520916 0.0015 0 3134 0.0001 1e-06 1e-06 5 5000 0
2045002 -0.0877633 0.001 1 498 0.0001 1e-06 1e-06 5 5000 0
2112501 0.0670213 0.938 0 2279 0.0001 1e-06 1e-06 5 5000 0
2390001 0.0265145 0 0.076 4744 0.0001 1e-06 1e-06 5 5000 0
2390002 0.0808436 0.9545 0 1313 0.0001 1e-06 1e-06 5 5000 0
2457502 0.0522133 0.826 0 2923 0.0001 1e-06 1e-06 5 5000 0
2990002 0.0473213 0.999 0 452 0.0001 1e-06 1e-06 5 5000 0
3132501 -0.0436743 0.132 0.987 1898 0.0001 1e-06 1e-06 5 5000 0
4070002 0.0370962 0.7885 0 1418 0.0001 1e-06 1e-06 5 5000 0
4310002 -0.0584277 0.014 0.9855 127 0.0001 1e-06 1e-06 5 5000 0
4722502 0.0784581 0.0135 0 4937 0.0001 1e-06 1e-06 5 5000 0
4812501 -0.0946898 0.2765 1 3531 0.0001 1e-06 1e-06 5 5000 0
4895002 -0.0943495 0.001 0.999 1957 0.0001 1e-06 1e-06 5 5000 0
27501 -0.0181702 0 0.0995 1977 0.0001 1e-06 1e-06 5 2500 1
342501 0.0239255 0.007 0 2490 0.0001 1e-06 1e-06 5 2500 1
387502 0.0550669 0.851 0.003 1531 0.0001 1e-06 1e-06 5 2500 1
650001 -0.123727 0.0095 0.997 1820 0.0001 1e-06 1e-06 5 2500 1
650002 0.0465761 0.0445 0 2401 0.0001 1e-06 1e-06 5 2500 1
1362501 -0.0249937 0 0.7845 202 0.0001 1e-06 1e-06 5 2500 1
1362501 0.0944465 0 0.013 2426 0.0001 1e-06 1e-06 5 2500 1
1617501 0.0719567 1 0.004 397 0.0001 1e-06 1e-06 5 2500 1
1970002 0.0394326 1 0.004 199 0.0001 1e-06 1e-06 5 2500 1
2210001 0.0750707 0.948 0.005 1506 0.0001 1e-06 1e-06 5 2500 1
2210001 -0.0522981 0 0.562 1457 0.0001 1e-06 1e-06 5 2500 1
2307501 -0.0124314 0 0.169 1550 0.0001 1e-06 1e-06 5 2500 1
3207502 0.0367564 0.0005 0 2500 0.0001 1e-06 1e-06 5 2500 1
4092501 -0.137805 0 0.9965 1170 0.0001 1e-06 1e-06 5 2500 1
4092501 -0.0221047 0.015 0 2380 0.0001 1e-06 1e-06 5 2500 1
4400002 0.0889997 0.0045 0 2458 0.0001 1e-06 1e-06 5 2500 1
4722501 -0.0330566 0 0.3475 1729 0.0001 1e-06 1e-06 5 2500 1
192501 0.00927645 0 0.001 4929 0.0001 1e-06 1e-06 5 5000 1
387502 0.0550669 0.975 0.0045 1531 0.0001 1e-06 1e-06 5 5000 1
650001 0.0717566 0 0.004 4962 0.0001 1e-06 1e-06 5 5000 1
650001 -0.123727 0.007 0.995 1820 0.0001 1e-06 1e-06 5 5000 1
1362501 -0.0249937 0.0015 1 202 0.0001 1e-06 1e-06 5 5000 1
1617501 -0.0205859 0 0.013 4973 0.0001 1e-06 1e-06 5 5000 1
1617501 0.0719567 1 0 397 0.0001 1e-06 1e-06 5 5000 1
1970002 0.0394326 0.987 0.0015 199 0.0001 1e-06 1e-06 5 5000 1
2210001 -0.0522981 0 0.999 1457 0.0001 1e-06 1e-06 5 5000 1
2210001 0.0750707 1 0.001 1506 0.0001 1e-06 1e-06 5 5000 1
2210002 0.0662686 1 0.001 3705 0.0001 1e-06 1e-06 5 5000 1
2307501 -0.0124314 0.0345 0.5675 1550 0.0001 1e-06 1e-06 5 5000 1
2412501 0.0565581 0.576 0.0105 4321 0.0001 1e-06 1e-06 5 5000 1
2892501 -0.0311135 0 0.06 4939 0.0001 1e-06 1e-06 5 5000 1
3117501 -0.0514994 0.0325 0 4924 0.0001 1e-06 1e-06 5 5000 1
3882502 0.0621911 0.001 0 4996 0.0001 1e-06 1e-06 5 5000 1
3897501 -0.0221408 0 0.37 4428 0.0001 1e-06 1e-06 5 5000 1
4092501 -0.137805 0.0035 0.9935 1170 0.0001 1e-06 1e-06 5 5000 1
4122501 -0.0771983 0 0.078 4658 0.0001 1e-06 1e-06 5 5000 1
4722501 -0.0330566 0.0525 0.853 1729 0.0001 1e-06 1e-06 5 5000 1
4722501 -0.016549 0.0005 0 5000 0.0001 1e-06 1e-06 5 5000 1