position select_coef p1_freq p2_freq origin_gen migr_rate mut_rate recomb_rate fitness_width output_gen rep
140002 -0.0719553 0.165 0.939 1470 0.001 1e-06 1e-06 5 2500 0
920001 0.0744972 0.181 0.002 2237 0.001 1e-06 1e-06 5 2500 0
920002 0.0526941 0 0.001 2488 0.001 1e-06 1e-06 5 2500 0
1310001 0.0878594 0.8495 0.021 2085 0.001 1e-06 1e-06 5 2500 0
1355001 -0.049141 0.0925 0.8505 761 0.001 1e-06 1e-06 5 2500 0
1617501 0.107322 0.979 0.047 54 0.001 1e-06 1e-06 5 2500 0
1662501 -0.00787807 0 0.0005 2497 0.001 1e-06 1e-06 5 2500 0
2030002 -0.0244884 0.1205 0.8065 188 0.001 1e-06 1e-06 5 2500 0
2390001 -0.0287667 0.1025 0.0005 2398 0.001 1e-06 1e-06 5 2500 0
2390002 0.0484746 0.703 0.043 1129 0.001 1e-06 1e-06 5 2500 0
3005002 -0.040288 0.0495 0.855 1656 0.001 1e-06 1e-06 5 2500 0
3830001 0.0161949 0.3735 0.099 1173 0.001 1e-06 1e-06 5 2500 0
4092501 0.000500197 0.0085 0.1155 2137 0.001 1e-06 1e-06 5 2500 0
140002 -0.0719553 0.059 0.8665 1470 0.001 1e-06 1e-06 5 5000 0
567502 -0.0105291 0 0.0025 4999 0.001 1e-06 1e-06 5 5000 0
920001 0.0744972 0.852 0.107 2237 0.001 1e-06 1e-06 5 5000 0
1310001 0.0878594 0.981 0.0475 2085 0.001 1e-06 1e-06 5 5000 0
1355001 -0.049141 0.1345 0.8985 761 0.001 1e-06 1e-06 5 5000 0
1355002 0.0364305 0.5125 0.0495 3733 0.001 1e-06 1e-06 5 5000 0
1362501 0.0178768 0 0.0005 4999 0.001 1e-06 1e-06 5 5000 0
1617501 0.107322 0.8885 0.0805 54 0.001 1e-06 1e-06 5 5000 0
1662501 0.0187744 0.338 0 2715 0.001 1e-06 1e-06 5 5000 0
2030002 -0.0244884 0.0625 0.49 188 0.001 1e-06 1e-06 5 5000 0
2150001 -0.102797 0.057 0.922 3176 0.001 1e-06 1e-06 5 5000 0
2390002 0.0484746 0.8675 0.1395 1129 0.001 1e-06 1e-06 5 5000 0
3005002 -0.040288 0.223 0.8655 1656 0.001 1e-06 1e-06 5 5000 0
3830001 0.0161949 0.8975 0.0575 1173 0.001 1e-06 1e-06 5 5000 0
4122501 -0.0324971 0.0005 0 5000 0.001 1e-06 1e-06 5 5000 0
4962502 -0.0176867 0.0005 0 5000 0.001 1e-06 1e-06 5 5000 0
27501 -0.0538378 0.0635 0.8525 794 0.001 1e-06 1e-06 5 2500 1
132502 -0.0259237 0 0.0005 2500 0.001 1e-06 1e-06 5 2500 1
140002 -0.0626127 0.0305 0.854 414 0.001 1e-06 1e-06 5 2500 1
207502 -0.0377077 0.034 0.8705 541 0.001 1e-06 1e-06 5 2500 1
1677501 0.00934287 0.03 0.0005 1056 0.001 1e-06 1e-06 5 2500 1
2045002 0.0131844 0.0005 0 2500 0.001 1e-06 1e-06 5 2500 1
2210002 -0.00183506 0.03 0 2066 0.001 1e-06 1e-06 5 2500 1
2262501 0.0134046 0.0035 0.0005 2447 0.001 1e-06 1e-06 5 2500 1
2262502 -0.0201667 0.0005 0 2499 0.001 1e-06 1e-06 5 2500 1
3005001 -0.040748 0.01 0.1 2433 0.001 1e-06 1e-06 5 2500 1
3020002 -0.0308899 0.0155 0 2244 0.001 1e-06 1e-06 5 2500 1
3507501 0.0409219 0.001 0 2498 0.001 1e-06 1e-06 5 2500 1
3987502 -0.00318742 0 0.021 1059 0.001 1e-06 1e-06 5 2500 1
4812501 -0.0937718 0.0045 0.0995 2414 0.001 1e-06 1e-06 5 2500 1
27501 -0.0538378 0.1795 0.9575 794 0.001 1e-06 1e-06 5 5000 1
27502 0.0197313 0 0.002 4982 0.001 1e-06 1e-06 5 5000 1
140002 -0.0626127 0.0185 0.621 414 0.001 1e-06 1e-06 5 5000 1
207502 -0.0377077 0.059 0.5085 541 0.001 1e-06 1e-06 5 5000 1
642501 -0.11507 0.0335 0.834 2644 0.001 1e-06 1e-06 5 5000 1
920001 -0.0538823 0 0.0005 4995 0.001 1e-06 1e-06 5 5000 1
1310001 0.04557 0.7915 0.0505 4256 0.001 1e-06 1e-06 5 5000 1
1677501 0.00934287 0.5645 0.0215 1056 0.001 1e-06 1e-06 5 5000 1
2412502 0.0899335 0.976 0.065 3965 0.001 1e-06 1e-06 5 5000 1
2457502 0.0141663 0.7995 0.701 2619 0.001 1e-06 1e-06 5 5000 1
3005001 -0.040748 0.132 0.4755 2433 0.001 1e-06 1e-06 5 5000 1
3005002 -0.00959486 0.002 0 4995 0.001 1e-06 1e-06 5 5000 1
3882502 0.131495 0.0145 0 4807 0.001 1e-06 1e-06 5 5000 1
3897502 -0.00887199 0 0.014 3994 0.001 1e-06 1e-06 5 5000 1
4092501 0.0305434 0.053 0.006 4741 0.001 1e-06 1e-06 5 5000 1
4122502 -0.0532096 0.0355 0.7465 2841 0.001 1e-06 1e-06 5 5000 1
4812501 -0.0937718 0.0185 0.9625 2414 0.001 1e-06 1e-06 5 5000 1
4962502 -0.0321399 0 0.0005 4996 0.001 1e-06 1e-06 5 5000 1