position select_coef p1_freq p2_freq origin_gen migr_rate mut_rate recomb_rate fitness_width output_gen rep
342502 0.0140727 0 0.0005 2500 0.001 1e-06 1e-06 5 2500 0
537501 -0.0509468 0.015 0.098 2069 0.001 1e-06 1e-06 5 2500 0
1362502 0.0619269 0.01 0.0135 2298 0.001 1e-06 1e-06 5 2500 0
2045001 -0.0960445 0.031 0.9015 1903 0.001 1e-06 1e-06 5 2500 0
2262502 -0.0693261 0.1055 0.9565 257 0.001 1e-06 1e-06 5 2500 0
2300001 0.130198 0.004 0 2466 0.001 1e-06 1e-06 5 2500 0
2495002 0.075692 0.7825 0.024 2024 0.001 1e-06 1e-06 5 2500 0
3470002 0.00884573 0 0.0005 2250 0.001 1e-06 1e-06 5 2500 0
3507501 -0.0940659 0.0045 0 2488 0.001 1e-06 1e-06 5 2500 0
4122502 -0.0109451 0 0.0215 1815 0.001 1e-06 1e-06 5 2500 0
170001 0.0271769 0.2715 0.057 3669 0.001 1e-06 1e-06 5 5000 0
387501 0.00852597 0.0005 0 5000 0.001 1e-06 1e-06 5 5000 0
537501 -0.0509468 0.1555 0.8905 2069 0.001 1e-06 1e-06 5 5000 0
642502 -0.129128 0.068 0.8895 3888 0.001 1e-06 1e-06 5 5000 0
1310002 -0.0263325 0 0.0005 4999 0.001 1e-06 1e-06 5 5000 0
2045001 -0.0960445 0.166 0.955 1903 0.001 1e-06 1e-06 5 5000 0
2150002 0.102502 0.9715 0.0645 3176 0.001 1e-06 1e-06 5 5000 0
2262502 -0.0693261 0.1205 0.848 257 0.001 1e-06 1e-06 5 5000 0
2495002 0.075692 0.894 0.199 2024 0.001 1e-06 1e-06 5 5000 0
2892502 0.0208154 0.0005 0 4998 0.001 1e-06 1e-06 5 5000 0
3117501 0.0623104 0.9075 0.5165 3149 0.001 1e-06 1e-06 5 5000 0
3207501 0.116427 0.9105 0.0415 2564 0.001 1e-06 1e-06 5 5000 0
3620002 -0.0347262 0.355 0.9515 3164 0.001 1e-06 1e-06 5 5000 0
3747501 -0.0932788 0.0005 0 4997 0.001 1e-06 1e-06 5 5000 0
4310001 0.10285 0.0025 0 4993 0.001 1e-06 1e-06 5 5000 0
140002 0.0461533 0.4755 0.046 1857 0.001 1e-06 1e-06 5 2500 1
170002 -0.00733739 0.0085 0 2476 0.001 1e-06 1e-06 5 2500 1
207502 -0.0710449 0 0.0335 2403 0.001 1e-06 1e-06 5 2500 1
620002 -0.037453 0.0835 0.897 1249 0.001 1e-06 1e-06 5 2500 1
650002 0.033836 0.1325 0.0045 1934 0.001 1e-06 1e-06 5 2500 1
747502 0.0788232 0.0145 0 2458 0.001 1e-06 1e-06 5 2500 1
920001 -0.079453 0.009 0.91 1412 0.001 1e-06 1e-06 5 2500 1
1617502 -0.0205198 0.222 0.8475 699 0.001 1e-06 1e-06 5 2500 1
1677501 -0.0406482 0.002 0 2483 0.001 1e-06 1e-06 5 2500 1
2352501 -0.0876287 0.006 0.2995 2250 0.001 1e-06 1e-06 5 2500 1
2457501 0.113693 0.956 0.0465 189 0.001 1e-06 1e-06 5 2500 1
3507501 -0.12836 0 0.0005 2498 0.001 1e-06 1e-06 5 2500 1
4160002 0.0259161 0.3675 0.0025 1688 0.001 1e-06 1e-06 5 2500 1
4662502 -0.0228266 0.372 0.897 254 0.001 1e-06 1e-06 5 2500 1
132502 -0.0114553 0.0025 0.011 4858 0.001 1e-06 1e-06 5 5000 1
140002 0.0461533 0.837 0.104 1857 0.001 1e-06 1e-06 5 5000 1
192501 -0.0238943 0.02 0.0745 4517 0.001 1e-06 1e-06 5 5000 1
207502 -0.0710449 0.1365 0.8435 2403 0.001 1e-06 1e-06 5 5000 1
342501 -0.0530184 0 0.001 4999 0.001 1e-06 1e-06 5 5000 1
552501 -0.124531 0 0.017 4947 0.001 1e-06 1e-06 5 5000 1
567501 -0.047506 0.002 0 4763 0.001 1e-06 1e-06 5 5000 1
620002 -0.037453 0.03 0.8395 1249 0.001 1e-06 1e-06 5 5000 1
642501 0.0786759 0.93 0.025 3812 0.001 1e-06 1e-06 5 5000 1
650002 0.033836 0.8205 0.0095 1934 0.001 1e-06 1e-06 5 5000 1
800001 0.029539 0 0.0015 4976 0.001 1e-06 1e-06 5 5000 1
920001 -0.079453 0.0365 0.953 1412 0.001 1e-06 1e-06 5 5000 1
1362502 -0.00736474 0.008 0 4750 0.001 1e-06 1e-06 5 5000 1
1617502 -0.0205198 0.217 0.984 699 0.001 1e-06 1e-06 5 5000 1
2015002 0.0389174 0 0.0235 4969 0.001 1e-06 1e-06 5 5000 1
2030001 -0.0826991 0 0.001 4998 0.001 1e-06 1e-06 5 5000 1
2037502 0.068237 0.6735 0.095 2703 0.001 1e-06 1e-06 5 5000 1
2307502 -0.0549264 0 0.002 4995 0.001 1e-06 1e-06 5 5000 1
2352501 -0.0876287 0.1135 0.958 2250 0.001 1e-06 1e-06 5 5000 1
2457501 0.113693 0.959 0.0105 189 0.001 1e-06 1e-06 5 5000 1
4160002 0.0259161 0.723 0.0675 1688 0.001 1e-06 1e-06 5 5000 1
4662501 -0.075413 0.0005 0.006 4992 0.001 1e-06 1e-06 5 5000 1
4662502 -0.0228266 0.3245 0.633 254 0.001 1e-06 1e-06 5 5000 1
4812502 0.0536842 0.7175 0.0175 2670 0.001 1e-06 1e-06 5 5000 1