position select_coef p1_freq p2_freq origin_gen migr_rate mut_rate recomb_rate fitness_width output_gen rep
170002 -0.0229214 0.0005 0 2499 0.0001 1e-06 1e-06 5 2500 0
642502 -0.00521795 0.0195 0 1975 0.0001 1e-06 1e-06 5 2500 0
747501 -0.0450401 0 0.012 2459 0.0001 1e-06 1e-06 5 2500 0
1617502 -0.0608786 0 0.017 2475 0.0001 1e-06 1e-06 5 2500 0
2015001 -0.0915607 0.009 0.99 690 0.0001 1e-06 1e-06 5 2500 0
2150002 0.06635 0.041 0 2371 0.0001 1e-06 1e-06 5 2500 0
3087501 -0.0766244 0 0.959 367 0.0001 1e-06 1e-06 5 2500 0
3132502 0.0261409 0.099 0 1974 0.0001 1e-06 1e-06 5 2500 0
3507502 0.10424 1 0.0165 1114 0.0001 1e-06 1e-06 5 2500 0
3897501 -0.0753426 0 0.0015 2488 0.0001 1e-06 1e-06 5 2500 0
4617501 -0.0672245 0 0.9635 1627 0.0001 1e-06 1e-06 5 2500 0
4662501 0.0728494 0 0.0025 2448 0.0001 1e-06 1e-06 5 2500 0
170001 -0.0501928 0 0.871 3938 0.0001 1e-06 1e-06 5 5000 0
192502 -0.0760697 0.0005 0 4999 0.0001 1e-06 1e-06 5 5000 0
455002 -0.045546 0 0.0005 4999 0.0001 1e-06 1e-06 5 5000 0
567502 -0.0937345 0 0.0005 5000 0.0001 1e-06 1e-06 5 5000 0
1362502 0.0683736 0 0.0005 4985 0.0001 1e-06 1e-06 5 5000 0
1617502 -0.0608786 0 1 2475 0.0001 1e-06 1e-06 5 5000 0
1917501 -0.0815091 0 0.0005 4995 0.0001 1e-06 1e-06 5 5000 0
2015001 -0.0915607 0 0.9595 690 0.0001 1e-06 1e-06 5 5000 0
2015002 -0.0106321 0.125 0 3443 0.0001 1e-06 1e-06 5 5000 0
2030002 -0.0421924 0 0.04 4889 0.0001 1e-06 1e-06 5 5000 0
2262502 -0.0492114 0.032 0 4965 0.0001 1e-06 1e-06 5 5000 0
2330001 0.0288036 0.666 0.136 4078 0.0001 1e-06 1e-06 5 5000 0
2330002 0.0385595 1 0.1645 2557 0.0001 1e-06 1e-06 5 5000 0
2457501 -0.00571501 0.0035 0 4983 0.0001 1e-06 1e-06 5 5000 0
2457501 -0.0229121 0 0.0005 4996 0.0001 1e-06 1e-06 5 5000 0
2495002 0.0811751 1 0.074 3319 0.0001 1e-06 1e-06 5 5000 0
2720002 -0.204169 0 0.033 4707 0.0001 1e-06 1e-06 5 5000 0
3087501 -0.0766244 0 0.998 367 0.0001 1e-06 1e-06 5 5000 0
3087502 -0.0757178 0 0.998 2788 0.0001 1e-06 1e-06 5 5000 0
3132502 0.0318876 0 0.174 4580 0.0001 1e-06 1e-06 5 5000 0
3132502 0.0261409 1 0.0215 1974 0.0001 1e-06 1e-06 5 5000 0
3470002 0.0446297 0.9875 0 3193 0.0001 1e-06 1e-06 5 5000 0
3470002 0.0219641 0.0115 0 4630 0.0001 1e-06 1e-06 5 5000 0
3507502 0.10424 1 0.001 1114 0.0001 1e-06 1e-06 5 5000 0
4122501 -0.0926328 0 0.9555 3648 0.0001 1e-06 1e-06 5 5000 0
4617501 -0.0672245 0.043 1 1627 0.0001 1e-06 1e-06 5 5000 0
132501 0.0390172 0 0.038 2359 0.0001 1e-06 1e-06 5 2500 1
170002 0.0322572 0 0.004 2487 0.0001 1e-06 1e-06 5 2500 1
170002 0.039012 0.999 0.0095 637 0.0001 1e-06 1e-06 5 2500 1
920001 0.00546972 0.0005 0 2454 0.0001 1e-06 1e-06 5 2500 1
920001 0.0375765 0.0005 0 2500 0.0001 1e-06 1e-06 5 2500 1
1917502 0.0649247 0.662 0 1637 0.0001 1e-06 1e-06 5 2500 1
2030002 0.0542473 0 0.013 2394 0.0001 1e-06 1e-06 5 2500 1
2112502 0.0851262 0.084 0 2374 0.0001 1e-06 1e-06 5 2500 1
2352501 -0.113696 0.013 0.9985 150 0.0001 1e-06 1e-06 5 2500 1
2352502 -0.0247602 0.002 0.6055 1029 0.0001 1e-06 1e-06 5 2500 1
2352502 0.0708602 0.987 0.0015 1169 0.0001 1e-06 1e-06 5 2500 1
3117502 0.056337 0.2 0 2296 0.0001 1e-06 1e-06 5 2500 1
3747501 0.0463479 0.951 0.0015 1078 0.0001 1e-06 1e-06 5 2500 1
3882502 0.0366234 0.008 0 2420 0.0001 1e-06 1e-06 5 2500 1
3882502 0.0509571 0.046 0 2222 0.0001 1e-06 1e-06 5 2500 1
4092502 -0.0613845 0 0.9765 1452 0.0001 1e-06 1e-06 5 2500 1
4662502 0.0427459 0.3575 0 1952 0.0001 1e-06 1e-06 5 2500 1
4722501 -0.0444705 0 0.7305 1564 0.0001 1e-06 1e-06 5 2500 1
170002 0.039012 0.918 0.0005 637 0.0001 1e-06 1e-06 5 5000 1
1917502 0.0649247 0.755 0 1637 0.0001 1e-06 1e-06 5 5000 1
2030001 -0.0220925 0.0035 0 4991 0.0001 1e-06 1e-06 5 5000 1
2030002 0.0330211 0.0905 0 4724 0.0001 1e-06 1e-06 5 5000 1
2112502 0.0851262 0.9985 0.0055 2374 0.0001 1e-06 1e-06 5 5000 1
2300001 -0.0602305 0.013 0.9965 2504 0.0001 1e-06 1e-06 5 5000 1
2352501 -0.113696 0 0.9985 150 0.0001 1e-06 1e-06 5 5000 1
2352502 0.0708602 1 0.0015 1169 0.0001 1e-06 1e-06 5 5000 1
2352502 -0.0247602 0 0.9985 1029 0.0001 1e-06 1e-06 5 5000 1
3020001 0.0326999 0.287 0.0205 2515 0.0001 1e-06 1e-06 5 5000 1
3117502 0.056337 0.988 0.0535 2296 0.0001 1e-06 1e-06 5 5000 1
3507501 0.0563539 0 0.001 4997 0.0001 1e-06 1e-06 5 5000 1
3747501 0.0463479 0.9985 0.004 1078 0.0001 1e-06 1e-06 5 5000 1
3747502 0.00399356 0.002 0 4732 0.0001 1e-06 1e-06 5 5000 1
3987502 0.0689519 0.0445 0 4648 0.0001 1e-06 1e-06 5 5000 1
4092502 -0.0613845 0 1 1452 0.0001 1e-06 1e-06 5 5000 1
4662502 0.0427459 1 0 1952 0.0001 1e-06 1e-06 5 5000 1
4722501 -0.0444705 0 1 1564 0.0001 1e-06 1e-06 5 5000 1