position select_coef p1_freq p2_freq origin_gen migr_rate mut_rate recomb_rate fitness_width output_gen rep
387502 -0.061995 0 0.4905 2128 0.0001 1e-06 1e-06 5 2500 0
455001 -0.0357578 0 0.01 2447 0.0001 1e-06 1e-06 5 2500 0
552502 -0.0118881 0 0.514 1456 0.0001 1e-06 1e-06 5 2500 0
650002 -0.0923248 0 0.002 2448 0.0001 1e-06 1e-06 5 2500 0
747502 -0.0731183 0 0.9905 799 0.0001 1e-06 1e-06 5 2500 0
800001 -0.0733622 0.0035 0 2495 0.0001 1e-06 1e-06 5 2500 0
1617502 -0.064428 0.001 0.8505 1835 0.0001 1e-06 1e-06 5 2500 0
1632501 0.057929 1 0.0005 298 0.0001 1e-06 1e-06 5 2500 0
1917501 -0.0129277 0 0.164 1386 0.0001 1e-06 1e-06 5 2500 0
2037502 -0.0236689 0 0.0085 2357 0.0001 1e-06 1e-06 5 2500 0
2045002 -0.0516991 0 0.164 2261 0.0001 1e-06 1e-06 5 2500 0
3507501 0.0249796 0 0.0005 2500 0.0001 1e-06 1e-06 5 2500 0
3897502 -0.000417723 0.0015 0 2492 0.0001 1e-06 1e-06 5 2500 0
4092502 -0.0307195 0.0015 0.9835 873 0.0001 1e-06 1e-06 5 2500 0
387502 -0.061995 0.003 0.958 2128 0.0001 1e-06 1e-06 5 5000 0
567502 0.0240573 0.344 0 4073 0.0001 1e-06 1e-06 5 5000 0
650002 -0.0132628 0 0.0015 4993 0.0001 1e-06 1e-06 5 5000 0
650002 -0.0923248 0.0075 0.9965 2448 0.0001 1e-06 1e-06 5 5000 0
747502 -0.0731183 0 0.9865 799 0.0001 1e-06 1e-06 5 5000 0
1310002 0.0409741 0.912 0.0005 3870 0.0001 1e-06 1e-06 5 5000 0
1617502 -0.064428 0.0045 0.978 1835 0.0001 1e-06 1e-06 5 5000 0
1632501 0.057929 0.995 0 298 0.0001 1e-06 1e-06 5 5000 0
1632501 0.0362957 0.001 0 4998 0.0001 1e-06 1e-06 5 5000 0
1917501 -0.0129277 0.2055 0.8785 1386 0.0001 1e-06 1e-06 5 5000 0
1970002 0.106226 0.0025 0 4971 0.0001 1e-06 1e-06 5 5000 0
2030001 0.0279187 0.2275 0.0005 3956 0.0001 1e-06 1e-06 5 5000 0
2045002 -0.0516991 0.0165 0.9685 2261 0.0001 1e-06 1e-06 5 5000 0
2330001 0.00958215 0.007 0 4959 0.0001 1e-06 1e-06 5 5000 0
2352502 0.020607 0.373 0.0035 4552 0.0001 1e-06 1e-06 5 5000 0
2390001 -0.00301821 0.0225 0.1225 3832 0.0001 1e-06 1e-06 5 5000 0
3005002 0.044134 0.968 0.0005 3643 0.0001 1e-06 1e-06 5 5000 0
3207501 0.0446234 0.792 0.0005 4009 0.0001 1e-06 1e-06 5 5000 0
3747501 0.0757916 0.978 0.0085 3851 0.0001 1e-06 1e-06 5 5000 0
4092502 -0.0307195 0.08 0.9995 873 0.0001 1e-06 1e-06 5 5000 0
4662501 -0.0137764 0.008 0 4984 0.0001 1e-06 1e-06 5 5000 0
4722501 0.0514409 0.0185 0 4921 0.0001 1e-06 1e-06 5 5000 0
132502 -0.0359898 0.001 0.0345 2379 0.0001 1e-06 1e-06 5 2500 1
207501 -0.0399376 0.001 0.853 1504 0.0001 1e-06 1e-06 5 2500 1
342501 -0.0358852 0.0025 0 2491 0.0001 1e-06 1e-06 5 2500 1
455002 -0.0463692 0.0005 0 2447 0.0001 1e-06 1e-06 5 2500 1
800002 0.114723 0.0075 0 2135 0.0001 1e-06 1e-06 5 2500 1
1362501 0.0571709 0.0085 0 2427 0.0001 1e-06 1e-06 5 2500 1
1362502 0.129889 0.0045 0 2490 0.0001 1e-06 1e-06 5 2500 1
1737502 -0.032333 0.017 0.9985 442 0.0001 1e-06 1e-06 5 2500 1
2030002 0.0637652 0.999 0.0025 1172 0.0001 1e-06 1e-06 5 2500 1
2330002 -0.061833 0.001 0.9985 1500 0.0001 1e-06 1e-06 5 2500 1
2330002 0.0985929 0.999 0.0015 1414 0.0001 1e-06 1e-06 5 2500 1
3087501 0.0325489 0.0145 0 2353 0.0001 1e-06 1e-06 5 2500 1
4662501 0.0583249 0.9985 0.0085 341 0.0001 1e-06 1e-06 5 2500 1
4895002 0.0386224 0.006 0 2485 0.0001 1e-06 1e-06 5 2500 1
4962501 -0.0788643 0.0025 0.9985 1083 0.0001 1e-06 1e-06 5 2500 1
4962502 0.00949544 0.135 0.0015 2113 0.0001 1e-06 1e-06 5 2500 1
4977501 0.0714121 0.999 0.0015 335 0.0001 1e-06 1e-06 5 2500 1
207501 -0.0399376 0.0685 0.9755 1504 0.0001 1e-06 1e-06 5 5000 1
342502 0.0335384 0.0035 0 4248 0.0001 1e-06 1e-06 5 5000 1
455001 -0.013336 0.018 0 4749 0.0001 1e-06 1e-06 5 5000 1
642501 0.00297813 0.009 0 4967 0.0001 1e-06 1e-06 5 5000 1
1737502 -0.032333 0.0145 1 442 0.0001 1e-06 1e-06 5 5000 1
2030002 0.0637652 1 0.043 1172 0.0001 1e-06 1e-06 5 5000 1
2307501 0.03857 0.17 0 4535 0.0001 1e-06 1e-06 5 5000 1
2330002 -0.061833 0 1 1500 0.0001 1e-06 1e-06 5 5000 1
2330002 0.0985929 1 0 1414 0.0001 1e-06 1e-06 5 5000 1
3117501 0.0887892 0.795 0.002 3738 0.0001 1e-06 1e-06 5 5000 1
3132501 -0.100479 0 0.002 4995 0.0001 1e-06 1e-06 5 5000 1
3830001 0.138448 0 0.0005 5000 0.0001 1e-06 1e-06 5 5000 1
4310002 0.0494677 0.101 0 3948 0.0001 1e-06 1e-06 5 5000 1
4662501 0.0583249 1 0.005 341 0.0001 1e-06 1e-06 5 5000 1
4662502 -0.0386562 0.0035 0 4992 0.0001 1e-06 1e-06 5 5000 1
4962501 -0.0788643 0 0.9965 1083 0.0001 1e-06 1e-06 5 5000 1
4977501 0.0714121 1 0 335 0.0001 1e-06 1e-06 5 5000 1