position select_coef p1_freq p2_freq origin_gen migr_rate mut_rate recomb_rate fitness_width output_gen rep
800001 -0.0694722 0.289 0.502 652 0.01 1e-06 1e-06 5 2500 0
1362501 0.0319351 0.008 0.01 1798 0.01 1e-06 1e-06 5 2500 0
1737502 0.0379358 0.0145 0.0405 2261 0.01 1e-06 1e-06 5 2500 0
2262502 -0.00321354 0.0065 0.04 2381 0.01 1e-06 1e-06 5 2500 0
2390002 -0.0639194 0.206 0.3945 4 0.01 1e-06 1e-06 5 2500 0
2720001 -0.0267538 0.0015 0.032 2251 0.01 1e-06 1e-06 5 2500 0
2990002 0.00798051 0.0005 0 2499 0.01 1e-06 1e-06 5 2500 0
3747502 -0.0477341 0.01 0.01 1232 0.01 1e-06 1e-06 5 2500 0
4310001 -0.139954 0.281 0.72 1079 0.01 1e-06 1e-06 5 2500 0
4482502 -0.0751257 0.0145 0.001 2426 0.01 1e-06 1e-06 5 2500 0
4962501 0.0860377 0.8715 0.534 1333 0.01 1e-06 1e-06 5 2500 0
140001 0.0978802 0.6755 0.2705 2991 0.01 1e-06 1e-06 5 5000 0
170001 -0.0759576 0.413 0.694 3630 0.01 1e-06 1e-06 5 5000 0
537501 0.018734 0.04 0.105 4452 0.01 1e-06 1e-06 5 5000 0
552501 0.041801 0.336 0.2905 3529 0.01 1e-06 1e-06 5 5000 0
552502 -0.0678853 0 0.001 4999 0.01 1e-06 1e-06 5 5000 0
567502 0.0679702 0.64 0.285 2956 0.01 1e-06 1e-06 5 5000 0
800001 -0.0694722 0.4155 0.657 652 0.01 1e-06 1e-06 5 5000 0
920002 -0.0243697 0 0.003 4996 0.01 1e-06 1e-06 5 5000 0
1467501 0.0355524 0.64 0.437 3529 0.01 1e-06 1e-06 5 5000 0
1737502 0.0379358 0.766 0.705 2261 0.01 1e-06 1e-06 5 5000 0
2150001 0.0773434 0.476 0.358 4067 0.01 1e-06 1e-06 5 5000 0
2210001 -0.016514 0 0.005 4978 0.01 1e-06 1e-06 5 5000 0
2307501 -0.0893857 0.19 0.55 3374 0.01 1e-06 1e-06 5 5000 0
2390002 -0.0639194 0.2055 0.541 4 0.01 1e-06 1e-06 5 5000 0
3620002 -0.053411 0.263 0.467 2994 0.01 1e-06 1e-06 5 5000 0
4070002 -0.0294997 0.084 0.24 2771 0.01 1e-06 1e-06 5 5000 0
4310001 -0.139954 0.2 0.715 1079 0.01 1e-06 1e-06 5 5000 0
4722502 -0.0817028 0.0195 0.0445 4772 0.01 1e-06 1e-06 5 5000 0
4722502 0.0333958 0.001 0 4999 0.01 1e-06 1e-06 5 5000 0
4962501 0.0860377 0.6895 0.331 1333 0.01 1e-06 1e-06 5 5000 0
132502 -0.0303577 0.0135 0.006 2471 0.01 1e-06 1e-06 5 2500 1
342501 0.00732771 0 0.001 2468 0.01 1e-06 1e-06 5 2500 1
387501 0.111749 0.6745 0.2325 217 0.01 1e-06 1e-06 5 2500 1
620001 0.11954 0.6935 0.2875 278 0.01 1e-06 1e-06 5 2500 1
747502 -0.0294459 0.0005 0 2499 0.01 1e-06 1e-06 5 2500 1
920001 0.0487595 0 0.003 2305 0.01 1e-06 1e-06 5 2500 1
1310002 -0.00432054 0.067 0.058 2255 0.01 1e-06 1e-06 5 2500 1
1662502 -0.0456471 0.068 0.078 2100 0.01 1e-06 1e-06 5 2500 1
2990001 0.0260525 0.03 0.0205 2425 0.01 1e-06 1e-06 5 2500 1
4070001 0.0252073 0.0075 0.0005 2483 0.01 1e-06 1e-06 5 2500 1
4122502 0.00912613 0 0.003 2497 0.01 1e-06 1e-06 5 2500 1
4662501 0.00566038 0.0975 0.048 2220 0.01 1e-06 1e-06 5 2500 1
4977502 -0.0981765 0.277 0.677 1585 0.01 1e-06 1e-06 5 2500 1
387501 0.111749 0.702 0.289 217 0.01 1e-06 1e-06 5 5000 1
552501 0.0251658 0.0005 0.0055 4939 0.01 1e-06 1e-06 5 5000 1
620001 0.11954 0.6775 0.225 278 0.01 1e-06 1e-06 5 5000 1
642501 -0.0428122 0.002 0.0155 4984 0.01 1e-06 1e-06 5 5000 1
650001 -0.0412455 0.442 0.601 2849 0.01 1e-06 1e-06 5 5000 1
650001 -0.0139494 0.143 0.0875 3682 0.01 1e-06 1e-06 5 5000 1
650001 0.0728484 0.015 0.005 4946 0.01 1e-06 1e-06 5 5000 1
1610002 0.000316903 0.03 0.045 4420 0.01 1e-06 1e-06 5 5000 1
1662502 -0.0456471 0.3275 0.4555 2100 0.01 1e-06 1e-06 5 5000 1
2495001 -0.0856874 0.361 0.7405 4080 0.01 1e-06 1e-06 5 5000 1
2990001 0.0260525 0.179 0.168 2425 0.01 1e-06 1e-06 5 5000 1
4070001 -0.00621177 0.041 0.0615 4114 0.01 1e-06 1e-06 5 5000 1
4722502 0.0827922 0.6255 0.2095 3054 0.01 1e-06 1e-06 5 5000 1
4977502 -0.0981765 0.3355 0.7655 1585 0.01 1e-06 1e-06 5 5000 1